14326.390000
14329.990000
14332.420000
14318.460000
14338.540000
14318.560000
14337.650000
14329.770000
14334.370000
14337.730000
14329.310000
14342.270000
14334.340000
14342.160000
14319.700000
14341.200000
14331.130000
14326.380000
14337.280000
14322.700000
14342.880000
14329.970000
14328.450000
14340.130000
14317.620000
14338.340000
14321.460000
14337.370000
14336.790000
14333.720000
14339.220000
14326.400000
14330.420000
14324.440000
14333.750000
14341.290000
14325.360000
14346.480000
14328.390000
14324.740000
14332.180000
14322.370000
14342.690000
14332.610000
14346.670000
14336.130000
14339.990000
14316.020000
14312.510000
14330.000000
14315.550000
14358.620000
14340.180000
14342.760000
14333.060000
14323.280000
14333.960000
14325.700000
14345.630000
14323.350000
14331.800000
14337.940000
14328.320000
14336.440000
14325.040000
14349.120000
14324.910000
14325.920000
14349.490000
14329.470000
14339.540000
14323.980000
14346.470000
14325.930000
14335.000000
14329.990000
14329.670000
14344.870000
14314.550000
14331.740000
14330.870000
14337.260000
14329.840000
14322.770000
14343.260000
14321.380000
14333.460000
14338.140000
14341.850000
14334.810000
14330.600000
14352.340000
14326.070000
14334.530000
14326.400000
14344.190000
14338.050000
14321.470000
14346.310000
14322.540000
14335.260000
14328.360000
14337.770000
14334.440000
14323.720000
14331.950000
14317.100000
14331.430000
14327.390000
14339.800000
14333.090000
14331.650000
14337.280000
14321.840000
14337.520000
14327.110000
14325.980000
14331.470000
14332.360000
14335.420000
14318.650000
14337.090000
14320.860000
14343.380000
14323.220000
14325.860000
14335.160000
14325.240000
14336.160000
14328.030000
14334.580000
14329.270000
14320.610000
14322.590000
14327.020000
14334.610000
14327.670000
14325.900000
14319.330000
14329.860000
14319.980000
14330.660000
14332.170000
14323.930000
14331.600000
14311.560000
14315.100000
14315.520000
14331.130000
14317.520000
14317.200000
14338.940000
14319.330000
14329.220000
14314.980000
14328.020000
14325.820000
14326.130000
14336.980000
14328.600000
14327.420000
14308.390000
14321.460000
14313.680000
14321.390000
14309.770000
14318.500000
14330.600000
14315.130000
14326.110000
14309.710000
14326.630000
14313.270000
14324.170000
14317.170000
14313.250000
14333.230000
14304.190000
14313.680000
14321.660000
14312.880000
14329.800000
14316.530000
14325.020000
14301.210000
14317.390000
14312.580000
14323.270000
14327.990000
14313.120000
14311.830000
14304.940000
14313.670000
14313.570000
14315.780000
14322.090000
14313.140000
14313.840000
14306.850000
14315.430000
14303.320000
14314.580000
14308.330000
14312.500000
14322.980000
14302.210000
14315.720000
14307.460000
14318.060000
14302.290000
14308.280000
14311.580000
14298.580000
14302.920000
14305.970000
14304.100000
14317.810000
14295.450000
14314.100000
14309.880000
14304.080000
14310.690000
14301.950000
14301.260000
14308.220000
14304.700000
14320.160000
14300.440000
14303.840000
14291.700000
14305.360000
14302.780000
14305.030000
14301.230000
14298.730000
14312.340000
14307.600000
14303.720000
14290.120000
14309.040000
14297.080000
14314.670000
14301.740000
14292.350000
14302.820000
14296.940000
14292.420000
14292.660000
14295.470000
14294.160000
14290.290000
14308.220000
14297.460000
14306.720000
14290.050000
14304.390000
14287.750000
14291.550000
14303.710000
14293.700000
14301.590000
14284.070000
14301.280000
14287.680000
14290.810000
14292.620000
14296.350000
14304.760000
14283.910000
14305.230000
14289.290000
14284.820000
14296.430000
14288.870000
14301.360000
14278.200000
14293.250000
14278.630000
14288.030000
14291.790000
14284.580000
14290.110000
14280.970000
14292.670000
14282.120000
14287.780000
14300.160000
14274.170000
14291.580000
14283.000000
14290.440000
14291.930000
14283.500000
14284.070000
14281.640000
14280.360000
14272.150000
14294.280000
14274.590000
14283.750000
14280.550000
14285.210000
14291.030000
14277.660000
14282.560000
14281.280000
14278.030000
14280.060000
14285.380000
14278.180000
14265.690000
14285.660000
14270.160000
14284.440000
14276.610000
14275.390000
14288.760000
14268.430000
14278.750000
14265.710000
14280.240000
14266.150000
14276.690000
14281.950000
14268.360000
14277.550000
14260.700000
14276.900000
14276.560000
14265.770000
14274.780000
14262.830000
14268.270000
14265.220000
14266.170000
14274.110000
14259.070000
14267.770000
14260.730000
14273.250000
14260.390000
14272.240000
14275.520000
14260.130000
14267.580000
14259.400000
14263.810000
14268.000000
14270.220000
14269.040000
14266.600000
14269.120000
14254.760000
14262.860000
14263.180000
14271.520000
14262.340000
14259.420000
14259.230000
14252.390000
14276.850000
14259.410000
14267.400000
14264.220000
14268.180000
14272.130000
14252.580000
14263.830000
14241.700000
14262.380000
14258.550000
14255.810000
14264.560000
14236.500000
14260.240000
14249.130000
14262.380000
14259.990000
14249.210000
14258.820000
14255.910000
14257.200000
14247.420000
14252.310000
14250.140000
14251.720000
14267.850000
14248.730000
14256.190000
14246.300000
14247.650000
14247.260000
14250.670000
14249.010000
14238.760000
14252.130000
14245.500000
14263.520000
14250.050000
14243.900000
14254.380000
14249.780000
14251.060000
14235.850000
14256.060000
14243.170000
14251.370000
14254.910000
14233.520000
14245.710000
14239.630000
14247.110000
14246.700000
14235.310000
14253.680000
14237.360000
14249.900000
14238.810000
14253.530000
14246.260000
14240.130000
14240.850000
14238.900000
14241.130000
14251.730000
14237.490000
14247.240000
14233.410000
14243.790000
14234.550000
14243.400000
14257.960000
14246.870000
14252.800000
14226.230000
14239.950000
14234.010000
14241.710000
14240.280000
14240.530000
14247.250000
14231.690000
14242.670000
14232.800000
14239.850000
14246.320000
14238.170000
14254.480000
14229.440000
14249.100000
14233.690000
14243.380000
14229.710000
14232.250000
14239.310000
14234.980000
14249.960000
14229.160000
14235.760000
14215.600000
14240.210000
14223.630000
14235.490000
14233.620000
14239.650000
14241.380000
14221.430000
14236.520000
14222.270000
14228.750000
14237.300000
14225.020000
14231.940000
14220.730000
14238.610000
14225.890000
14235.510000
14238.170000
14228.700000
14238.700000
14227.480000
14236.700000
14216.400000
14234.120000
14235.640000
14230.180000
14238.530000
14231.900000
14235.460000
14232.240000
14233.060000
14223.110000
14231.250000
14228.060000
14227.340000
14230.670000
14215.410000
14230.920000
14222.750000
14227.520000
14223.540000
14228.270000
14243.380000
14219.760000
14233.240000
14218.100000
14233.790000
14218.830000
14233.640000
14224.600000
14217.170000
14234.020000
14221.340000
14228.900000
14217.820000
14224.000000
14235.840000
14236.060000
14235.700000
14221.380000
14227.530000
14224.640000
14234.230000
14225.490000
14227.720000
14227.040000
14221.190000
14237.640000
14215.830000
14233.120000
14226.950000
14220.410000
14236.650000
14218.840000
14238.910000
14223.400000
14222.920000
14225.730000
14217.820000
14236.600000
14220.930000
14232.320000
14217.980000
14232.960000
14216.970000
14228.720000
14215.380000
14224.080000
14230.430000
14226.080000
14235.440000
14223.020000
14223.020000
14223.790000
14215.020000
14224.960000
14229.350000
14233.380000
14221.300000
14231.200000
14223.970000
14221.790000
14236.840000
14218.570000
14232.770000
14219.150000
14225.110000
14225.010000
14221.110000
14246.620000
14217.120000
14236.900000
14213.940000
14225.920000
14226.900000
14226.990000
14237.010000
14216.450000
14238.000000
14217.880000
14227.470000
14225.380000
14226.820000
14225.730000
14226.830000
14237.270000
14223.500000
14228.660000
14226.630000
14221.480000
14233.490000
14228.660000
14227.300000
14222.160000
14224.520000
14231.010000
14217.600000
14231.240000
14211.420000
14232.960000
14226.640000
14236.220000
14231.060000
14218.210000
14239.780000
14220.660000
14229.720000
14232.470000
14227.930000
14236.920000
14229.580000
14228.450000
14226.640000
14236.060000
14218.210000
14224.410000
14226.150000
14226.910000
14240.810000
14224.080000
14234.950000
14219.080000
14226.600000
14230.390000
14218.270000
14240.880000
14220.550000
14231.360000
14222.250000
14229.440000
14232.770000
14227.670000
14239.000000
14224.600000
14225.630000
14231.980000
14230.170000
14244.170000
14237.350000
14243.470000
14227.240000
14244.350000
14221.860000
14230.110000
14224.960000
14236.460000
14229.860000
14228.600000
14240.540000
14225.070000
14229.060000
14231.950000
14246.920000
14251.200000
14236.710000
14240.290000
14227.830000
14239.000000
14222.160000
14244.930000
14230.170000
14233.750000
14251.630000
14227.760000
14248.200000
14228.980000
14234.260000
14239.970000
14224.910000
14242.950000
14232.260000
14242.020000
14237.670000
14241.670000
14239.530000
14234.380000
14259.230000
14228.220000
14243.090000
14229.050000
14246.620000
14240.620000
14229.330000
14244.080000
14237.430000
14252.400000
14229.150000
14247.880000
14255.480000
14241.970000
14247.760000
14240.480000
14251.130000
14232.980000
14250.060000
14248.130000
14238.280000
14258.410000
14234.390000
14247.690000
14234.470000
14255.210000
14246.550000
14245.930000
14247.790000
14240.380000
14258.900000
14231.550000
14251.080000
14241.570000
14241.950000
14251.270000
14248.040000
14247.130000
14240.550000
14250.810000
14246.160000
14255.740000
14252.240000
14247.950000
14257.680000
14246.520000
14251.070000
14245.600000
14254.010000
14257.630000
14246.620000
14246.580000
14247.870000
14253.160000
14254.950000
14245.840000
14256.470000
14247.120000
14255.630000
14249.810000
14257.010000
14258.170000
14247.050000
14256.320000
14241.970000
14256.100000
14257.660000
14252.310000
14259.190000
14249.890000
14256.300000
14254.820000
14250.820000
14245.260000
14249.770000
14269.340000
14248.980000
14252.810000
14257.370000
14260.080000
14262.270000
14250.540000
14266.090000
14247.830000
14277.330000
14223.900000
14307.600000
14219.110000
14266.680000
14273.860000
14260.230000
14270.040000
14238.790000
14243.440000
14282.800000
14249.530000
14302.600000
14257.680000
14260.390000
14272.320000
14269.640000
14252.500000
14240.540000
14257.140000
14267.660000
14283.110000
14237.000000
14285.360000
14237.990000
14256.340000
14227.630000
14260.030000
14243.830000
14250.850000
14273.100000
14269.580000
14248.260000
14277.300000
14289.980000
14254.940000
14287.070000
14271.560000
14260.140000
14265.200000
14269.980000
14272.250000
14262.490000
14281.180000
14268.460000
14268.770000
14252.070000
14282.410000
14262.480000
14280.320000
14270.800000
14264.450000
14275.120000
14269.970000
14277.500000
14277.810000
14267.700000
14277.920000
14257.050000
14282.300000
14269.960000
14271.570000
14277.720000
14266.500000
14275.390000
14258.330000
14270.310000
14269.210000
14269.580000
14282.770000
14278.680000
14270.980000
14267.240000
14269.690000
14270.050000
14271.540000
14282.160000
14266.280000
14278.160000
14276.030000
14270.450000
14289.190000
14267.680000
14279.080000
14266.440000
14281.120000
14272.410000
14277.820000
14290.820000
14269.970000
14284.430000
14277.440000
14276.240000
14290.160000
14269.960000
14286.510000
14270.180000
14284.350000
14272.710000
14283.310000
14290.510000
14275.230000
14281.410000
14273.020000
14282.870000
14279.900000
14278.350000
14289.280000
14273.040000
14286.200000
14269.580000
14289.420000
14279.090000
14289.590000
14300.850000
14277.220000
14293.480000
14274.820000
14285.300000
14291.830000
14280.580000
14290.930000
14281.110000
14284.650000
14280.790000
14274.910000
14297.420000
14283.280000
14296.020000
14276.630000
14287.930000
14279.330000
14280.940000
14297.020000
14281.310000
14292.010000
14278.900000
14293.300000
14286.290000
14289.780000
14294.370000
14288.520000
14293.010000
14279.940000
14298.760000
14279.040000
14287.050000
14297.110000
14291.310000
14298.250000
14284.140000
14300.020000
14291.950000
14297.770000
14296.560000
14275.580000
14298.820000
14287.300000
14288.090000
14292.870000
14295.030000
14293.020000
14287.690000
14295.060000
14294.580000
14293.790000
14301.310000
14283.690000
14300.220000
14286.240000
14291.750000
14294.860000
14285.020000
14297.030000
14291.520000
14290.080000
14292.900000
14288.420000
14297.880000
14284.270000
14304.500000
14288.360000
14296.600000
14295.740000
14284.110000
14307.090000
14291.440000
14296.390000
14293.280000
14294.860000
14305.520000
14291.740000
14302.900000
14300.770000
14301.230000
14298.160000
14291.900000
14299.090000
14286.250000
14306.690000
14295.260000
14298.990000
14301.230000
14287.200000
14298.480000
14295.890000
14305.980000
14294.020000
14295.150000
14293.260000
14282.710000
14310.010000
14286.400000
14297.570000
14300.160000
14297.510000
14300.820000
14293.990000
14303.400000
14302.390000
14300.550000
14303.690000
14289.460000
14307.640000
14288.760000
14302.250000
14303.400000
14296.160000
14307.050000
14297.560000
14299.250000
14291.760000
14295.580000
14306.750000
14299.050000
14305.960000
14282.910000
14309.790000
14294.130000
14309.580000
14303.140000
14302.080000
14299.030000
14292.150000
14310.470000
14313.030000
14300.080000
14317.910000
14289.310000
14306.720000
14295.790000
14313.000000
14305.120000
14297.550000
14305.800000
14293.490000
14305.260000
14301.300000
14309.600000
14309.560000
14296.690000
14307.110000
14312.600000
14314.130000
14295.350000
14309.680000
14294.510000
14308.250000
14298.090000
14301.090000
14302.850000
14301.810000
14303.250000
14296.480000
14311.230000
14306.820000
14298.480000
14308.550000
14294.880000
14302.600000
14307.010000
14306.010000
14309.070000
14301.880000
14307.150000
14294.210000
14312.190000
14293.150000
14299.250000
14307.490000
14298.800000
14306.300000
14301.840000
14303.060000
14321.290000
14301.850000
14310.200000
14298.860000
14304.750000
14308.850000
14298.360000
14310.880000
14306.320000
14319.000000
14305.440000
14310.780000
14311.280000
14308.210000
14317.000000
14301.450000
14307.560000
14298.130000
14299.910000
14312.330000
14285.720000
14310.480000
14300.980000
14301.900000
14307.600000
14305.390000
14317.130000
14309.970000
14303.590000
14312.100000
14298.540000
14295.480000
14311.990000
14300.600000
14307.170000
14303.260000
14303.940000
14314.060000
14303.650000
14311.950000
14295.870000
14307.450000
14312.150000
14308.050000
14311.690000
14304.050000
14313.850000
14302.180000
14310.080000
14308.560000
14304.490000
14310.270000
14294.900000
14318.290000
14313.310000
14301.200000
14323.160000
14301.560000
14315.160000
14307.580000
14307.020000
14307.900000
14291.610000
14311.070000
14296.540000
14307.210000
14310.960000
14309.870000
14317.850000
14301.130000
14312.360000
14305.510000
14310.990000
14308.460000
14298.340000
14312.300000
14297.990000
14311.230000
14315.570000
14302.190000
14308.620000
14302.710000
14319.930000
14304.530000
14311.870000
14311.310000
14301.920000
14313.460000
14305.280000
14311.810000
14298.860000
14316.870000
14312.510000
14307.480000
14323.840000
14299.650000
14316.670000
14303.890000
14306.100000
14323.330000
14303.620000
14317.190000
14294.190000
14306.970000
14312.800000
14311.690000
14314.450000
14299.080000
14316.650000
14316.780000
14307.320000
14319.740000
14297.060000
14313.450000
14295.990000
14318.920000
14309.460000
14322.780000
14303.180000
14311.030000
14318.360000
14307.820000
14315.380000
14294.180000
14315.990000
14314.670000
14317.280000
14323.280000
14303.080000
14315.320000
14314.160000
14317.260000
14304.810000
14299.600000
14315.450000
14308.680000
14312.160000
14322.740000
14310.660000
14325.700000
14301.730000
14311.160000
14312.380000
14313.350000
14319.350000
14305.640000
14319.720000
14313.940000
14314.630000
14320.580000
14320.540000
14303.260000
14326.810000
14309.380000
14320.060000
14309.150000
14310.370000
14327.290000
14306.900000
14315.520000
14318.640000
14299.040000
14322.800000
14312.590000
14314.310000
14320.980000
14315.220000
14310.770000
14303.830000
14322.520000
14314.780000
14312.250000
14321.060000
14303.050000
14312.010000
14306.970000
14315.120000
14318.870000
14305.250000
14316.830000
14312.180000
14320.720000
14311.610000
14307.870000
14327.120000
14305.280000
14318.090000
14308.500000
14311.280000
14330.660000
14310.600000
14324.890000
14312.650000
14321.520000
14318.320000
14310.830000
14326.410000
14310.200000
14316.040000
14312.090000
14323.970000
14322.660000
14303.550000
14315.510000
14306.430000
14317.310000
14320.220000
14324.730000
14317.410000
14320.470000
14323.040000
14306.710000
14324.060000
14307.330000
14323.450000
14322.570000
14306.050000
14329.350000
14316.970000
14306.640000
14312.750000
14319.970000
14325.510000
14311.520000
14316.570000
14319.640000
14316.540000
14322.470000
14312.860000
14331.800000
14319.250000
14322.920000
14328.950000
14315.090000
14325.930000
14311.890000
14311.370000
14319.040000
14328.760000
14315.730000
14322.500000
14318.530000
14318.160000
14324.970000
14314.920000
14331.890000
14313.450000
14328.290000
14315.480000
14321.380000
14333.110000
14309.100000
14324.750000
14312.330000
14327.110000
14327.180000
14312.520000
14326.900000
14310.040000
14324.190000
14329.920000
14310.120000
14333.140000
14318.300000
14326.920000
14324.550000
14316.670000
14325.150000
14313.260000
14325.500000
14317.650000
14317.820000
14328.790000
14308.460000
14327.500000
14329.900000
14315.550000
14334.210000
14312.060000
14319.980000
14325.540000
14316.380000
14335.060000
14315.850000
14327.590000
14336.030000
14307.780000
14326.300000
14317.960000
14325.060000
14330.880000
14318.030000
14333.290000
14311.580000
14323.790000
14330.820000
14323.260000
14322.650000
14325.940000
14329.560000
14313.950000
14334.350000
14322.180000
14326.410000
14317.520000
14327.440000
14331.060000
14325.820000
14335.470000
14320.690000
14325.720000
14330.880000
14326.310000
14330.770000
14312.830000
14324.300000
14319.990000
14330.360000
14328.840000
14330.000000
14334.550000
14318.420000
14325.690000
14331.820000
14324.850000
14343.350000
14311.670000
14323.940000
14336.790000
14321.330000
14325.220000
14325.570000
14323.850000
14329.880000
14324.990000
14327.960000
14327.090000
14326.940000
14334.690000
14316.850000
14341.100000
14321.040000
14327.270000
14326.240000
14324.400000
14336.970000
14324.870000
14329.400000
14334.970000
14326.800000
14338.860000
14323.520000
14334.750000
14333.140000
14323.110000
14345.470000
14323.470000
14331.810000
14336.960000
14337.660000
14320.490000
14335.680000
14327.110000
14332.790000
14333.830000
14330.030000
14343.810000
14319.160000
14330.010000
14337.110000
14324.640000
14332.420000
14323.760000
14346.490000
14332.320000
14327.270000
14346.530000
14326.070000
14341.050000
14330.710000
14339.990000
14334.000000
14334.130000
14350.530000
14320.820000
14337.620000
14327.050000
14331.900000
14343.900000
14329.510000
14333.220000
14315.920000
14344.250000
14344.970000
14339.480000
14338.590000
14327.860000
14342.510000
14324.900000
14338.420000
14329.540000
14333.840000
14350.570000
14322.720000
14338.790000
14337.390000
14327.570000
14336.700000
14325.990000
14339.650000
14332.370000
14337.170000
14344.580000
14325.110000
14330.440000
14327.260000
14341.440000
14335.100000
14327.690000
14316.200000
14337.720000
14325.260000
14340.220000
14337.800000
14323.310000
14344.590000
14325.470000
14332.700000
14339.440000
14332.530000
14350.950000
14327.620000
14341.830000
14328.300000
14330.750000
14336.860000
14336.060000
14346.490000
14325.440000
14336.490000
14337.420000
14333.840000
14347.070000
14325.270000
14337.770000
14331.810000
14338.010000
14346.350000
14331.750000
14342.500000
14320.280000
14339.370000
14333.330000
14327.040000
14335.940000
14332.950000
14342.890000
14334.050000
14333.090000
14331.650000
14341.720000
14337.770000
14329.890000
14336.130000
14328.080000
14333.850000
14341.890000
14335.930000
14336.870000
14326.520000
14338.850000
14331.860000
14337.380000
14338.030000
14324.270000
14335.730000
14339.680000
14332.980000
14345.900000
14324.070000
14344.040000
14329.100000
14342.630000
14340.610000
14325.330000
14352.440000
14324.190000
14346.130000
14330.250000
14328.000000
14341.690000
14333.700000
14350.660000
14333.630000
14334.590000
14343.850000
14330.690000
14344.560000
14324.780000
14340.460000
14337.010000
14326.950000
14334.390000
14319.710000
14338.200000
14332.910000
14339.320000
14333.990000
14330.160000
14333.960000
14324.510000
14335.280000
14343.450000
14332.360000
14339.810000
14321.280000
14335.750000
14334.170000
14345.320000
14341.100000
14312.540000
14330.010000
14323.480000
14337.960000
14341.150000
14330.660000
14340.070000
14316.990000
14328.890000
14326.120000
14337.170000
14338.750000
14318.770000
14338.060000
14319.630000
14326.620000
14334.000000
14325.490000
14338.470000
14323.770000
14335.420000
14330.790000
14329.980000
14341.260000
14321.060000
14333.370000
14321.500000
14331.170000
14336.090000
14324.070000
14337.740000
14317.180000
14339.340000
14322.440000
14327.250000
14343.380000
14319.870000
14334.140000
14321.390000
14332.460000
14335.930000
14320.380000
14323.960000
14322.730000
14332.120000
14318.610000
14322.880000
14330.210000
14334.770000
14334.850000
14313.570000
14322.930000
14328.480000
14323.620000
14332.130000
14312.740000
14324.520000
14312.900000
14323.050000
14318.980000
14320.360000
14327.790000
14319.760000
14321.110000
14316.200000
14327.510000
14335.680000
14329.360000
14326.910000
14324.770000
14335.520000
14318.930000
14318.290000
14311.610000
14318.790000
14325.930000
14314.680000
14321.360000
14312.240000
14326.270000
14333.040000
14324.620000
14324.670000
14312.890000
14324.360000
14327.650000
14318.030000
14331.600000
14301.950000
14321.720000
14328.300000
14310.330000
14331.040000
14310.940000
14322.740000
14311.970000
14313.870000
14313.260000
14314.100000
14320.940000
14313.150000
14317.060000
14313.550000
14314.790000
14309.140000
14309.290000
14321.640000
14328.280000
14307.790000
14310.800000
14326.360000
14299.510000
14317.150000
14316.490000
14305.460000
14317.510000
14300.010000
14311.630000
14315.330000
14309.730000
14321.200000
14295.790000
14315.900000
14316.580000
14312.230000
14310.980000
14306.400000
14316.730000
14300.480000
14307.390000
14304.100000
14308.550000
14320.060000
14302.650000
14309.320000
14302.740000
14300.750000
14315.760000
14294.060000
14312.940000
14300.090000
14308.240000
14302.420000
14295.470000
14315.390000
14304.160000
14320.110000
14293.250000
14308.610000
14299.450000
14303.760000
14302.240000
14293.760000
14306.950000
14295.110000
14295.750000
14301.050000
14296.160000
14304.790000
14301.060000
14302.580000
14295.070000
14293.450000
14300.010000
14295.120000
14297.780000
14291.550000
14292.650000
14300.980000
14302.300000
14296.630000
14301.710000
14287.210000
14291.230000
14293.770000
14286.860000
14309.900000
14290.640000
14299.920000
14288.360000
14291.580000
14296.810000
14277.440000
14287.110000
14285.810000
14294.310000
14285.540000
14286.710000
14294.690000
14277.410000
14284.730000
14276.150000
14295.930000
14286.110000
14286.980000
14287.690000
14279.890000
14289.710000
14281.350000
14285.090000
14284.280000
14279.980000
14294.700000
14280.350000
14288.590000
14279.630000
14289.620000
14285.290000
14273.540000
14287.140000
14275.620000
14281.760000
14270.560000
14282.200000
14283.850000
14270.950000
14280.830000
14259.320000
14275.290000
14276.690000
14273.460000
14269.870000
14261.790000
14276.620000
14271.410000
14276.220000
14272.770000
14278.470000
14259.610000
14273.890000
14267.220000
14270.920000
14281.220000
14270.090000
14274.010000
14268.400000
14278.890000
14266.930000
14267.640000
14281.720000
14265.090000
14276.440000
14254.980000
14266.090000
14280.370000
14268.650000
14275.260000
14247.720000
14264.800000
14268.950000
14256.830000
14275.860000
14257.170000
14266.710000
14259.610000
14259.900000
14258.680000
14265.700000
14256.120000
14267.720000
14247.790000
14270.040000
14265.260000
14262.910000
14272.570000
14261.140000
14259.720000
14249.070000
14252.630000
14254.420000
14260.210000
14261.040000
14256.550000
14253.530000
14251.530000
14260.940000
14268.870000
14250.670000
14253.820000
14260.200000
14255.250000
14270.850000
14247.700000
14258.080000
14244.990000
14243.560000
14249.770000
14252.830000
14239.100000
14254.740000
14246.280000
14246.860000
14252.940000
14231.440000
14251.350000
14239.090000
14247.180000
14239.370000
14243.430000
14243.890000
14235.290000
14239.260000
14242.090000
14246.600000
14242.510000
14240.500000
14237.970000
14239.490000
14252.600000
14244.000000
14245.960000
14234.310000
14245.860000
14248.670000
14235.980000
14242.140000
14231.420000
14237.620000
14230.270000
14227.630000
14248.500000
14234.150000
14249.240000
14227.370000
14234.730000
14237.670000
14229.950000
14236.000000
14230.210000
14235.990000
14221.160000
14237.570000
14229.520000
14234.110000
14234.230000
14217.890000
14232.080000
14222.050000
14228.630000
14236.000000
14226.460000
14241.150000
14226.610000
14233.390000
14222.530000
14226.920000
14227.450000
14225.480000
14237.170000
14217.960000
14233.360000
14220.670000
14225.380000
14231.630000
14222.260000
14233.980000
14215.530000
14226.550000
14220.530000
14221.600000
14232.460000
14217.340000
14239.020000
14211.280000
14234.670000
14223.470000
14227.150000
14223.070000
14216.250000
14221.790000
14208.360000
14235.710000
14220.450000
14217.060000
14228.070000
14211.210000
14223.340000
14206.590000
14222.010000
14222.430000
14217.970000
14222.810000
14215.710000
14223.010000
14224.510000
14215.850000
14219.010000
14216.060000
14230.280000
14206.590000
14226.090000
14215.030000
14217.760000
14234.670000
14209.500000
14228.170000
14210.560000
14214.910000
14229.010000
14217.420000
14228.770000
14214.600000
14223.750000
14217.800000
14223.740000
14220.450000
14204.170000
14207.800000
14219.790000
14210.510000
14216.850000
14218.000000
14217.750000
14220.820000
14198.190000
14215.110000
14203.120000
14213.380000
14218.340000
14212.500000
14217.950000
14206.750000
14214.840000
14210.710000
14220.160000
14213.920000
14215.380000
14214.800000
14201.050000
14217.090000
14213.110000
14212.040000
14226.860000
14212.890000
14218.510000
14207.730000
14213.050000
14215.680000
14211.820000
14212.250000
14201.160000
14206.320000
14202.700000
14206.130000
14212.260000
14207.480000
14218.750000
14204.910000
14212.130000
14208.150000
14205.610000
14212.130000
14207.370000
14217.170000
14195.090000
14214.610000
14215.330000
14205.050000
14221.730000
14200.600000
14207.560000
14205.670000
14208.610000
14215.200000
14201.730000
14217.280000
14198.680000
14216.360000
14206.030000
14206.890000
14212.760000
14203.320000
14221.100000
14201.550000
14204.010000
14213.250000
14216.080000
14211.760000
14200.690000
14216.190000
14207.380000
14195.030000
14208.420000
14197.660000
14219.100000
14197.900000
14213.940000
14201.490000
14217.460000
14219.960000
14207.150000
14219.530000
14198.880000
14218.490000
14207.850000
14216.290000
14210.270000
14206.620000
14221.110000
14209.120000
14214.050000
14216.990000
14212.590000
14211.980000
14209.550000
14211.470000
14213.440000
14218.590000
14207.620000
14208.330000
14222.880000
14199.450000
14216.540000
14204.600000
14214.480000
14208.430000
14209.720000
14222.560000
14190.780000
14218.980000
14205.130000
14211.200000
14212.070000
14205.180000
14216.770000
14207.390000
14223.200000
14213.140000
14212.630000
14221.140000
14206.720000
14225.950000
14207.700000
14209.840000
14212.580000
14210.950000
14210.710000
14217.570000
14217.330000
14210.390000
14211.450000
14206.930000
14223.120000
14229.700000
14211.180000
14227.640000
14217.850000
14213.750000
14215.850000
14206.730000
14226.590000
14212.060000
14219.610000
14221.550000
14219.260000
14214.910000
14206.800000
14215.610000
14217.990000
14225.440000
14211.800000
14218.210000
14210.670000
14222.640000
14217.470000
14209.150000
14219.020000
14213.220000
14220.630000
14225.620000
14221.420000
14230.200000
14213.620000
14224.360000
14223.430000
14211.030000
14223.750000
14216.810000
14228.250000
14204.060000
14231.780000
14207.670000
14222.270000
14229.230000
14223.200000
14226.960000
14220.600000
14229.140000
14223.080000
14229.250000
14235.850000
14212.320000
14223.060000
14213.760000
14228.620000
14234.190000
14207.280000
14227.990000
14220.160000
14228.840000
14224.880000
14227.620000
14238.240000
14223.850000
14238.070000
14221.730000
14220.130000
14228.320000
14233.440000
14233.320000
14218.950000
14232.720000
14227.240000
14227.840000
14231.140000
14231.130000
14236.070000
14229.480000
14242.300000
14219.870000
14236.210000
14235.410000
14223.530000
14232.280000
14224.450000
14234.950000
14235.310000
14237.260000
14244.870000
14227.460000
14240.620000
14223.370000
14242.680000
14234.870000
14239.600000
14246.390000
14234.090000
14250.450000
14234.890000
14246.120000
14227.540000
14245.650000
14235.250000
14228.890000
14254.070000
14232.980000
14241.500000
14246.800000
14246.340000
14256.600000
14239.500000
14235.290000
14239.070000
14230.960000
14249.440000
14244.670000
14245.240000
14257.660000
14234.990000
14110.200000
14212.480000
14273.160000
14266.250000
14241.150000
14266.300000
14237.660000
14265.320000
14213.860000
14240.070000
14226.450000
14239.720000
14256.600000
14240.390000
14264.030000
14235.200000
14250.110000
14226.450000
14262.470000
14243.330000
14266.520000
14246.050000
14255.080000
14256.560000
14243.920000
14275.940000
14230.540000
14324.310000
14278.240000
14272.620000
14267.340000
14252.170000
14280.840000
14260.190000
14265.640000
14251.580000
14254.480000
14243.510000
14231.830000
14287.880000
14244.690000
14280.800000
14249.400000
14253.180000
14273.470000
14237.960000
14243.240000
14258.040000
14233.080000
14264.120000
14254.420000
14250.630000
14256.570000
14251.520000
14264.560000
14259.380000
14266.490000
14252.330000
14256.100000
14263.080000
14258.910000
14272.350000
14254.920000
14282.510000
14263.620000
14264.770000
14279.940000
14258.810000
14276.650000
14249.050000
14274.360000
14275.990000
14276.540000
14260.330000
14255.180000
14265.610000
14268.920000
14254.640000
14268.760000
14277.380000
14288.100000
14261.290000
14279.970000
14255.720000
14279.030000
14267.580000
14272.670000
14273.680000
14255.990000
14278.330000
14267.300000
14274.250000
14286.740000
14270.380000
14271.940000
14260.950000
14275.610000
14276.280000
14278.230000
14291.200000
14260.280000
14284.440000
14271.260000
14275.360000
14283.020000
14275.040000
14287.380000
14266.410000
14276.880000
14285.200000
14289.930000
14290.100000
14272.700000
14287.490000
14288.550000
14285.920000
14286.680000
14293.740000
14303.010000
14276.080000
14289.460000
14288.210000
14283.850000
14300.560000
14271.730000
14284.560000
14282.830000
14280.580000
14292.440000
14285.520000
14289.660000
14279.600000
14290.240000
14276.980000
14285.210000
14281.800000
14286.380000
14292.090000
14279.820000
14295.800000
14289.610000
14295.200000
14306.950000
14271.150000
14295.420000
14286.170000
14299.650000
14301.790000
14286.780000
14297.960000
14282.440000
14299.130000
14286.360000
14301.010000
14305.180000
14276.870000
14301.170000
14278.940000
14302.650000
14298.760000
14292.530000
14296.500000
14283.350000
14298.840000
14282.590000
14298.190000
14297.300000
14295.340000
14296.350000
14285.730000
14298.210000
14293.140000
14296.180000
14306.670000
14291.740000
14312.220000
14290.310000
14300.550000
14305.390000
14305.220000
14302.260000
14298.630000
14306.310000
14288.930000
14311.180000
14294.680000
14305.400000
14307.320000
14301.980000
14306.440000
14299.870000
14303.580000
14291.950000
14305.480000
14313.380000
14300.170000
14307.050000
14295.320000
14315.490000
14304.630000
14305.570000
14298.650000
14320.460000
14301.770000
14302.270000
14312.960000
14310.210000
14311.630000
14293.810000
14312.050000
14302.860000
14301.180000
14313.300000
14313.710000
14309.940000
14302.880000
14313.750000
14307.050000
14309.420000
14318.490000
14304.040000
14316.670000
14296.560000
14309.780000
14315.620000
14310.770000
14320.590000
14295.940000
14300.760000
14318.320000
14309.580000
14311.220000
14309.430000
14302.910000
14315.660000
14304.740000
14303.590000
14317.750000
14302.230000
14313.880000
14305.740000
14316.540000
14314.300000
14309.010000
14318.500000
14320.720000
14330.440000
14311.760000
14316.670000
14307.060000
14312.060000
14320.260000
14310.770000
14325.520000
14303.300000
14312.220000
14313.240000
14310.230000
14308.710000
14321.360000
14311.220000
14318.640000
14317.090000
14317.810000
14320.480000
14309.570000
14321.870000
14313.650000
14312.500000
14324.970000
14321.330000
14320.910000
14305.960000
14311.980000
14310.050000
14308.470000
14323.040000
14313.880000
14324.900000
14312.900000
14316.080000
14315.650000
14314.100000
14327.930000
14313.060000
14320.620000
14306.150000
14322.430000
14319.990000
14307.310000
14331.680000
14327.070000
14311.440000
14323.220000
14323.160000
14315.860000
14326.390000
14316.190000
14324.890000
14310.090000
14323.400000
14309.270000
14322.550000
14330.930000
14321.330000
14327.410000
14304.430000
14324.500000
14322.450000
14323.920000
14324.260000
14317.770000
14327.270000
14313.970000
14325.740000
14330.650000
14315.430000
14331.230000
14327.770000
14327.590000
14317.280000
14325.240000
14310.480000
14327.190000
14309.370000
14319.090000
14327.530000
14324.290000
14336.490000
14318.900000
14335.280000
14325.380000
14314.970000
14337.910000
14316.430000
14321.560000
14326.180000
14322.110000
14329.620000
14323.030000
14327.880000
14318.060000
14320.410000
14333.020000
14310.520000
14318.070000
14316.140000
14317.770000
14332.930000
14318.880000
14319.310000
14323.990000
14314.690000
14320.860000
14313.000000
14331.070000
14331.800000
14311.610000
14334.580000
14318.040000
14321.990000
14319.570000
14330.700000
14341.100000
14321.810000
14324.870000
14326.100000
14320.130000
14331.670000
14313.160000
14325.110000
14321.740000
14326.460000
14328.930000
14330.060000
14332.850000
14319.740000
14327.060000
14330.430000
14334.090000
14316.280000
14331.000000
14315.980000
14326.050000
14316.340000
14331.040000
14327.470000
14321.080000
14337.170000
14320.130000
14329.860000
14318.470000
14321.580000
14334.120000
14317.490000
14332.970000
14316.420000
14337.810000
14325.690000
14329.190000
14338.070000
14317.710000
14323.610000
14322.180000
14321.560000
14324.340000
14319.590000
14325.840000
14322.310000
14330.340000
14323.780000
14330.120000
14328.640000
14314.110000
14331.400000
14319.530000
14324.440000
14323.260000
14322.210000
14329.210000
14315.750000
14326.660000
14329.280000
14324.500000
14331.430000
14323.860000
14335.280000
14322.570000
14330.060000
14328.510000
14326.960000
14331.680000
14317.140000
14326.850000
14327.760000
14327.530000
14330.510000
14322.890000
14328.950000
14324.750000
14334.330000
14332.760000
14325.900000
14327.430000
14314.910000
14334.220000
14324.100000
14334.570000
14345.720000
14331.970000
14330.250000
14323.250000
14328.030000
14338.490000
14325.570000
14334.140000
14315.310000
14324.990000
14330.790000
14321.160000
14342.210000
14323.150000
14334.780000
14332.120000
14318.830000
14338.510000
14314.410000
14330.540000
14327.070000
14324.610000
14323.370000
14330.450000
14333.730000
14324.440000
14332.550000
14326.160000
14321.760000
14338.440000
14317.630000
14329.120000
14323.940000
14326.340000
14342.240000
14321.800000
14328.460000
14320.770000
14329.970000
14326.270000
14334.510000
14328.290000
14330.260000
14326.500000
14322.060000
14328.470000
14326.710000
14315.760000
14330.070000
14328.990000
14327.190000
14333.830000
14316.450000
14324.760000
14322.270000
14337.010000
14338.560000
14314.690000
14341.100000
14323.900000
14325.830000
14323.090000
14335.390000
14329.470000
14322.400000
14335.420000
14318.980000
14330.490000
14324.990000
14322.180000
14342.230000
14314.400000
14332.970000
14323.690000
14336.660000
14338.230000
14318.870000
14331.850000
14327.570000
14326.510000
14319.210000
14326.220000
14327.010000
14339.250000
14320.760000
14323.170000
14320.300000
14321.050000
14332.090000
14316.260000
14333.220000
14327.780000
14330.600000
14333.700000
14332.010000
14331.820000
14323.370000
14339.350000
14320.580000
14331.550000
14331.850000
14322.690000
14330.420000
14320.950000
14331.610000
14322.120000
14332.890000
14333.970000
14317.530000
14330.790000
14319.220000
14325.300000
14336.350000
14329.010000
14325.530000
14325.730000
14331.250000
14333.110000
14334.510000
14321.320000
14335.120000
14325.590000
14338.410000
14332.540000
14325.890000
14341.520000
14319.780000
14324.780000
14326.020000
14336.460000
14332.290000
14319.550000
14336.280000
14330.060000
14314.670000
14330.500000
14319.880000
14340.490000
14327.200000
14333.790000
14330.260000
14330.530000
14329.460000
14318.490000
14328.450000
14337.220000
14329.860000
14348.900000
14326.550000
14328.250000
14330.470000
14326.660000
14334.880000
14303.090000
14335.950000
14329.990000
14329.050000
14330.620000
14330.410000
14330.250000
14327.030000
14332.580000
14342.910000
14324.380000
14337.950000
14321.120000
14331.170000
14331.930000
14329.190000
14340.550000
14329.990000
14334.310000
14322.480000
14324.650000
14338.560000
14330.890000
14335.710000
14317.850000
14329.250000
14321.430000
14332.560000
14332.070000
14318.590000
14342.080000
14331.040000
14327.860000
14331.960000
14330.710000
14339.140000
14316.850000
14333.410000
14319.510000
14322.890000
14334.290000
14329.740000
14337.520000
14328.120000
14332.270000
14332.760000